B-n78-k10

VEHICLE
NUMBER	CAPACITY
77	100

CUSTOMER
CUST NO.  XCOORD    YCOORD    DEMAND    RELEASE DATE  DEADLINE DATE
0         46        12        0         0             720           
1         51        4         14        240           360           
2         52        30        17        450           570           
3         80        70        17        240           360           
4         18        90        16        210           330           
5         59        39        19        360           480           
6         23        59        17        0             120           
7         77        48        5         150           270           
8         82        30        12        360           480           
9         18        82        4         480           600           
10        11        41        2         360           480           
11        7         9         2         600           720           
12        88        33        26        450           570           
13        23        88        2         90            210           
14        0         76        7         60            180           
15        85        34        18        510           630           
16        17        46        6         480           600           
17        52        10        6         540           660           
18        13        45        18        0             120           
19        19        85        2         0             120           
20        86        77        14        480           600           
21        54        6         5         30            150           
22        83        32        9         450           570           
23        15        10        4         120           240           
24        53        5         3         90            210           
25        14        42        15        390           510           
26        13        10        4         300           420           
27        57        32        23        300           420           
28        20        85        7         510           630           
29        65        46        21        570           690           
30        61        42        4         60            180           
31        87        52        1         270           390           
32        79        51        6         480           600           
33        25        91        16        240           360           
34        89        34        4         90            210           
35        26        100       20        0             120           
36        0         88        5         270           390           
37        63        43        14        480           600           
38        55        10        14        630           720           
39        23        86        26        270           390           
40        8         18        5         330           450           
41        0         74        2         60            180           
42        20        44        14        420           540           
43        56        7         11        660           720           
44        14        10        21        180           300           
45        88        40        20        210           330           
46        96        38        18        540           660           
47        59        31        2         0             120           
48        22        87        19        510           630           
49        59        36        12        270           390           
50        24        83        22        0             120           
51        83        37        14        90            210           
52        53        5         23        360           480           
53        0         37        25        540           660           
54        84        78        8         60            180           
55        27        93        3         330           450           
56        61        12        9         540           660           
57        69        43        21        480           600           
58        54        9         3         180           300           
59        20        98        22        30            150           
60        18        50        6         360           480           
61        25        84        2         30            150           
62        31        69        22        540           660           
63        58        36        20        240           360           
64        0         11        5         360           480           
65        61        36        13        480           600           
66        18        49        6         450           570           
67        57        8         14        210           330           
68        0         49        16        300           420           
69        56        8         12        330           450           
70        62        45        23        120           240           
71        83        32        5         180           300           
72        53        10        12        210           330           
73        82        53        15        240           360           
74        21        85        21        330           450           
75        64        41        4         210           330           
76        80        50        23        450           570           
77        16        10        19        60            180           
